t_caida	y_caida	t_ascenso	y_ascenso	r
7.00000	0.00019134890	13.49167	-0.00046476350	0.00002655091
7.01667	0.00019051820	13.50833	-0.00046033630	
7.03333	0.00018973050	13.52500	-0.00045659560	
7.05000	0.00018543320	13.54167	-0.00046115150	
7.06500	0.00018765820	13.55667	-0.00045055380	
7.08167	0.00018748810	13.57333	-0.00045080690	
7.09833	0.00018282450	13.59000	-0.00045516160	
7.11500	0.00018315010	13.60667	-0.00044347320	
7.13167	0.00018241420	13.62333	-0.00044610850	
7.14833	0.00017712630	13.64000	-0.00044235250	
7.16333	0.00017676660	13.65500	-0.00043594970	
7.18000	0.00017540490	13.67167	-0.00043418290	
7.19667	0.00017458570	13.68833	-0.00043227570	
7.21333	0.00017451040	13.70500	-0.00043021910	
7.23000	0.00017151770	13.72167	-0.00042781290	
7.24667	0.00017076700	13.73833	-0.00042403340	
7.26167	0.00016728910	13.75333	-0.00042150840	
7.27833	0.00016493190	13.77000	-0.00041878680	
7.29500	0.00016244000	14.06500	-0.00036878620	
7.31167	0.00016113690	14.08167	-0.00036597980	
7.32833	0.00015970350	14.09833	-0.00036440850	
7.34500	0.00015949380	14.11500	-0.00036180750	
7.36000	0.00015476450	14.13167	-0.00035970670	
7.37667	0.00015148170	14.14833	-0.00035588910	
7.39333	0.00014957190	14.16333	-0.00035223950	
7.41000	0.00014915770	14.18000	-0.00034895740	
7.42667	0.00014802730	14.19667	-0.00034538780	
7.44333	0.00014384320	14.21333	-0.00034336180	
7.45833	0.00014097510	14.23000	-0.00033808070	
7.47500	0.00014088800	14.24667	-0.00033458170	
7.49167	0.00013933180	14.26167	-0.00033152390	
7.50833	0.00013839250	14.27833	-0.00032928310	
7.52500	0.00013705670	14.29500	-0.00032646010	
7.54167	0.00013512820	14.31167	-0.00032281520	
7.55667	0.00013298210	14.32833	-0.00032116350	
7.57333	0.00013191710	14.34500	-0.00031740520	
7.59000	0.00012957840	14.36000	-0.00031347430	
7.62333	0.00012750280	14.37667	-0.00031165030	
7.64000	0.00012575410	14.39333	-0.00030894540	
7.65500	0.00012150690	14.41000	-0.00030545420	
7.67167	0.00012075680	14.42667	-0.00030350580	
7.68833	0.00011839440	14.44333	-0.00029960390	
7.72167	0.00011690360	14.45833	-0.00029670560	
7.73833	0.00011506400	14.47500	-0.00029394440	
7.75333	0.00011231190	14.49167	-0.00029090910	
7.77000	0.00011096600	14.50833	-0.00028846110	
7.78667	0.00010934730	14.52500	-0.00028612110	
7.80333	0.00010766340	14.54167	-0.00027922880	
7.82000	0.00010748060	14.55667	-0.00027356590	
7.83667	0.00010494870	14.57333	-0.00027210560	
7.85167	0.00010503820	14.68833	-0.00024984430	
7.86833	0.00010270700	15.37667	-0.00012735740	
7.88500	0.00010057910	15.39333	-0.00012346370	
7.90167	0.00009944425	15.41000	-0.00012102010	
7.91833	0.00009713814	15.42667	-0.00011938810	
7.93500	0.00009560799	15.44333	-0.00011607470	
7.95000	0.00009396271	15.45833	-0.00011372310	
7.96667	0.00008852990	15.47500	-0.00010948960	
7.98333	0.00008771753	15.49167	-0.00010443250	
8.00000	0.00008548005	15.50833	-0.00010093890	
8.01667	0.00008346378	15.52500	-0.00009961274	
8.03333	0.00008240304	15.54167	-0.00009687128	
8.05000	0.00008086835	15.55667	-0.00009252074	
8.06500	0.00007940613	15.57333	-0.00008882715	
8.08167	0.00007772721	15.59000	-0.00008644350	
8.09833	0.00007647978	15.60667	-0.00008509933	
8.11500	0.00007405471	15.62333	-0.00008307188	
8.13167	0.00007268512	15.64000	-0.00007927860	
8.14833	0.00007059756	15.65500	-0.00007741491	
8.16333	0.00007024694	15.67167	-0.00007522706	
8.18000	0.00006809995	15.68833	-0.00007285260	
8.19667	0.00006592169	15.70500	-0.00007088710	
8.21333	0.00006564034	15.72167	-0.00006793864	
8.23000	0.00006133571	15.73833	-0.00006491831	
8.24667	0.00005982295	15.75333	-0.00006113880	
8.26167	0.00005707094	15.77000	-0.00005581769	
8.27833	0.00005773693	15.78667	-0.00005500386	
8.29500	0.00005412702	15.82000	-0.00005256023	
8.31167	0.00005395079	15.83667	-0.00004928567	
8.32833	0.00005179228	15.85167	-0.00004836185	
8.34500	0.00005056347	15.86833	-0.00004706878	
8.36000	0.00004978924	15.88500	-0.00004158675	
8.37667	0.00004991797	15.90167	-0.00003905925	
8.39333	0.00004913531	15.91833	-0.00003610193	
8.41000	0.00004776133	15.93500	-0.00003388361	
8.42667	0.00004732331	15.95000	-0.00003156284	
8.44333	0.00004605126	15.96667	-0.00003152811	
8.45833	0.00004292596	15.98333	-0.00003077556	
8.47500	0.00004141342	16.00000	-0.00002819153	
8.49167	0.00003885158	16.01667	-0.00002615843	
8.50833	0.00003724710	16.03333	-0.00002273505	
8.52500	0.00003708962	16.05000	-0.00001650670	
8.54167	0.00003624287	16.06500	-0.00001252577	
8.55667	0.00003481062	16.08167	-0.00000830400	
9.01667	-0.00001663651	16.32833	0.00004040785	
9.03333	-0.00001845794	16.34500	0.00004343691	
9.05000	-0.00002036058	16.36000	0.00004558400	
9.06500	-0.00002141996	16.37667	0.00004811204	
9.08167	-0.00002229447	16.39333	0.00005279825	
9.09833	-0.00002501774	16.41000	0.00005606384	
9.11500	-0.00002740951	16.42667	0.00005603106	
9.13167	-0.00002712389	16.44333	0.00005729287	
9.14833	-0.00002989957	16.45833	0.00006153004	
9.16333	-0.00003237924	16.47500	0.00006512483	
9.18000	-0.00003359133	16.49167	0.00006841172	
9.19667	-0.00003543971	16.50833	0.00007325079	
9.21333	-0.00003525925	16.52500	0.00007604152	
9.23000	-0.00003754439	16.54167	0.00007827012	
9.24667	-0.00004067907	16.55667	0.00008155034	
9.26167	-0.00004168835	16.57333	0.00008289166	
9.27833	-0.00004319821	16.59000	0.00008887060	
9.29500	-0.00004483872	16.60667	0.00009311322	
9.31167	-0.00004686254	16.62333	0.00009656533	
9.32833	-0.00004907858	16.64000	0.00009751112	
9.34500	-0.00005077049	16.65500	0.00010130380	
9.36000	-0.00005149834	16.67167	0.00010432690	
9.37667	-0.00005453789	16.68833	0.00010669370	
9.39333	-0.00005534900	16.70500	0.00011305620	
9.41000	-0.00005867137	16.72167	0.00011594540	
9.42667	-0.00005959813	16.73833	0.00011906840	
9.44333	-0.00005903744	16.75333	0.00012390070	
9.45833	-0.00005977856	16.77000	0.00012713210	
9.47500	-0.00006198790	16.78667	0.00012968980	
9.49167	-0.00006499014	16.82000	0.00013179520	
9.50833	-0.00006707808	16.83667	0.00013361060	
9.52500	-0.00006925436	16.85167	0.00013632950	
9.54167	-0.00007252773	16.86833	0.00014005820	
9.55667	-0.00007377218	16.88500	0.00014236270	
9.57333	-0.00007555533	16.90167	0.00014722930	
9.59000	-0.00007692513	16.91833	0.00014996380	
9.60667	-0.00007675960	16.93500	0.00015095100	
9.62333	-0.00007946602	16.95000	0.00015427210	
9.64000	-0.00008316092	16.96667	0.00016005600	
9.65500	-0.00008490641	16.98333	0.00016171560	
9.67167	-0.00008580865	17.00000	0.00016401600	
9.68833	-0.00008839604	17.01667	0.00016547410	
9.72167	-0.00009047870	17.03333	0.00016889780	
9.73833	-0.00009151817	17.05000	0.00017127810	
9.75333	-0.00009358102	17.06500	0.00017600010	
9.77000	-0.00009535761	17.08167	0.00017906110	
9.78667	-0.00009802264	17.09833	0.00018288170	
9.80333	-0.00010024530	17.11500	0.00018460890	
9.82000	-0.00010119260	17.13167	0.00018695770	
9.83667	-0.00010340360	17.14833	0.00018875150	
9.85167	-0.00010293730	17.16333	0.00019197390	
9.86833	-0.00010801400	17.44333	0.00024659630	
9.88500	-0.00010946380	17.45833	0.00025010540	
9.90167	-0.00011077410	17.47500	0.00025270390	
9.91833	-0.00011298980	17.49167	0.00025530910	
9.93500	-0.00011359850	17.50833	0.00025717480	
9.95000	-0.00011490780	17.52500	0.00025932180	
9.96667	-0.00011771850	17.54167	0.00026183260	
9.98333	-0.00012040560	17.55667	0.00026697270	
10.00000	-0.00012315190	17.57333	0.00027010290	
10.01667	-0.00012479600	17.59000	0.00027193090	
10.03333	-0.00012441870	17.60667	0.00027558180	
10.05000	-0.00012709810	17.62333	0.00027639820	
10.06500	-0.00012873460	17.64000	0.00028024410	
10.08167	-0.00013070010	17.65500	0.00028338670	
10.09833	-0.00013330120	17.67167	0.00028804390	
10.11500	-0.00013429300	17.68833	0.00029017750	
10.13167	-0.00013583520	17.70500	0.00029292640	
10.14833	-0.00013695220	17.72167	0.00029535370	
10.16333	-0.00013911290	17.73833	0.00029983660	
10.18000	-0.00013919430	17.75333	0.00030308580	
10.19667	-0.00013911880	17.77000	0.00030613860	
10.21333	-0.00014444600	17.78667	0.00030951490	
10.23000	-0.00014705290	17.82000	0.00031223420	
10.24667	-0.00015020220	17.83667	0.00031549660	
10.26167	-0.00015115410	17.85167	0.00031715020	
10.27833	-0.00015269440	17.86833	0.00032161600	
10.29500	-0.00015392780	17.88500	0.00032212870	
10.31167	-0.00015604060	17.90167	0.00032431730	
10.32833	-0.00015710950	17.91833	0.00032573040	
10.34500	-0.00015701180	17.93500	0.00033003630	
10.36000	-0.00015831190	17.95000	0.00033248970	
10.37667	-0.00016217570	17.96667	0.00033702330	
10.39333	-0.00016538270	17.98333	0.00034011190	
10.41000	-0.00016739680	18.00000	0.00034324350	
10.42667	-0.00016803170	18.01667	0.00034650610	
10.44333	-0.00017020050	18.03333	0.00035007400	
10.45833	-0.00017239060	18.05000	0.00035179640	
10.47500	-0.00017453880	18.06500	0.00035356030	
10.49167	-0.00017626340	18.08167	0.00035785250	
10.50833	-0.00017943230	18.09833	0.00035957730	
10.52500	-0.00018052640	18.11500	0.00036236280	
10.54167	-0.00018337870	18.13167	0.00036501530	
10.55667	-0.00018586980	18.14833	0.00036871580	
10.57333	-0.00018669990	18.16333	0.00037219960	
10.59000	-0.00018859230	18.18000	0.00037439170	
10.60667	-0.00018983900	18.19667	0.00037650670	
10.62333	-0.00019345530	18.21333	0.00038062180	
10.64000	-0.00019516200	18.52500	0.00044358270	
10.65500	-0.00019799770	18.54167	0.00044619900	
10.67167	-0.00020099250	18.55667	0.00044884480	
10.68833	-0.00020333620	18.57333	0.00045205130	
10.72167	-0.00020396210	18.59000	0.00045391110	
10.73833	-0.00020456710	18.60667	0.00045930420	
10.75333	-0.00020684320	18.62333	0.00046192760	
10.77000	-0.00020754680	18.64000	0.00046489670	
10.78667	-0.00020946700	18.65500	0.00046792460	
10.80333	-0.00021118780	18.67167	0.00047158760	
10.82000	-0.00021323110	18.68833	0.00047494630	
10.83667	-0.00021557670	18.70500	0.00047773990	
10.85167	-0.00021780670	18.72167	0.00048145610	
10.86833	-0.00021993120	18.73833	0.00048573060	
10.88500	-0.00022278890	18.75333	0.00048851020	
10.90167	-0.00022433750	18.77000	0.00049030220	
10.91833	-0.00022537190	18.78667	0.00049245080	
10.93500	-0.00022923840	18.80333	0.00049658870	
10.95000	-0.00023004740	18.82000	0.00049985730	
10.96667	-0.00023250440	18.83667	0.00050220060	
10.98333	-0.00023283140	18.85167	0.00050732990	
11.00000	-0.00023450080	18.86833	0.00050890090	
11.01667	-0.00023787220	18.88500	0.00051142930	
11.03333	-0.00023866060	18.91833	0.00051520930	
11.05000	-0.00023997860	18.93500	0.00051894770	
11.06500	-0.00024165290	18.95000	0.00052471620	
11.08167	-0.00024422490	18.96667	0.00052729190	
11.09833	-0.00024713360			
11.11500	-0.00024856530			
11.13167	-0.00025027550			
11.14833	-0.00025177890			
11.16333	-0.00025278640			
11.18000	-0.00025432050			
11.19667	-0.00025523160			
11.21333	-0.00025614790			
11.23000	-0.00025781150			
11.24667	-0.00025964260			
11.26167	-0.00026174360			
11.27833	-0.00026426180			
11.29500	-0.00026707040			
11.31167	-0.00026929850			
11.32833	-0.00027099930			
11.34500	-0.00027273380			
11.36000	-0.00027474090			
11.37667	-0.00027546050			
11.39333	-0.00027756890			
11.41000	-0.00027823520			
11.42667	-0.00027815960			
11.44333	-0.00027946490			
11.45833	-0.00028382220			
11.47500	-0.00028644090			
11.49167	-0.00028810070			
11.50833	-0.00029284790			
11.52500	-0.00029585930			
11.54167	-0.00029803130			
11.55667	-0.00029882070			
11.57333	-0.00030162820			
11.59000	-0.00030258570			
11.60667	-0.00030296070			
11.62333	-0.00030390700			
11.64000	-0.00030568500			
11.65500	-0.00030722530			
11.67167	-0.00030893170			
11.68833	-0.00030941150			
11.72167	-0.00031014910			
11.73833	-0.00031152540			
11.75333	-0.00031430640			
11.77000	-0.00031678830			
11.78667	-0.00031919200			
11.80333	-0.00032213970			
11.82000	-0.00032338180			
11.83667	-0.00032515210			
11.85167	-0.00032750110			
11.86833	-0.00032748560			
11.88500	-0.00032910180			
11.90167	-0.00033221400			
11.91833	-0.00033341150			
11.93500	-0.00033477100			
11.95000	-0.00033609800			
11.96667	-0.00033806380			
11.98333	-0.00033848050			
12.00000	-0.00033898480			
12.01667	-0.00034059560			
12.03333	-0.00034121080			
12.05000	-0.00034256830			
12.06500	-0.00034400160			
12.08167	-0.00034670500			
12.09833	-0.00034884680			
12.11500	-0.00035193310			
12.13167	-0.00035445400			
12.14833	-0.00035521510			
12.16333	-0.00035570800			
12.18000	-0.00035695110			
12.19667	-0.00035936780			
12.21333	-0.00036050510			
12.23000	-0.00036096870			
12.24667	-0.00036219570			
12.26167	-0.00036386910			
12.27833	-0.00036634550			
12.29500	-0.00037004580			
12.31167	-0.00037039740			
12.32833	-0.00037336310			
12.34500	-0.00037421890			
12.36000	-0.00037461970			
12.37667	-0.00037523780			
12.39333	-0.00037576830			
12.41000	-0.00037660120			
12.42667	-0.00037798400			
12.91833	-0.00043046820			
12.93500	-0.00043318530			
12.95000	-0.00043538420			
12.96667	-0.00043757500			
12.98333	-0.00043913300			
13.00000	-0.00044029060			
13.01667	-0.00044156600			
13.03333	-0.00044159680			
13.05000	-0.00044536370			
13.06500	-0.00044618410			
13.08167	-0.00044583250			
13.09833	-0.00044820360			
13.11500	-0.00045004400			
13.13167	-0.00045163160			
13.14833	-0.00045286090			
13.16333	-0.00045787600			
13.18000	-0.00045829740			
13.19667	-0.00045906440			
13.21333	-0.00046009970			
13.23000	-0.00046171130			
13.24667	-0.00046282160			
13.26167	-0.00046266130			
13.27833	-0.00046372640			
13.29500	-0.00046443570			
13.31167	-0.00046604400			
13.32833	-0.00046811880			
13.34500	-0.00046931400			
13.36000	-0.00046915340			
13.37667	-0.00046807890			
13.39333	-0.00046901090			
13.41000	-0.00047057820			
13.42667	-0.00047447210			
